749136 749137 749138 749119 749120 749121 749122 749123 750911 750912 840729 840730 840715 840748-0.004-0.0011
487764 487763 487762 487761 487760 487759 487516 487758 485132 485665 485664 485940 485939 485961-0.0178-0.0045
823690 823691 823692 823693 823694 823695 591580 591581 591582 591583 591584 591585 591586 571466 571467 571468 571469 571470 571471-0.0122-0.0026
103193 103194 103195 103196 103197 103198 103199 103200 103201 103202 103203 103204 103205 103249 103248 103247 103246 103245-0.0079-0.0022
822696 822697 822698 822699 822700 822701 822702 822703 822704 822687 704367 704368 704369 704370 704371 704372 822718 822719 822720-0.0067-0.0017
261410 261411 261412 261413 261414 261415 261416 261417 261418 261419-0.0035-0.001
232722 232721 232720 259581 259582 259583 259584-0.0038-0.0009
202740 202739 202738 202737 202736 202735 202734 202733 202732 174838 174837 174836 174835 174834 174833 174832 174831-0.002-0.0006
32147 32148 32149 32150 77060 77061 77062 77049-0.0064-0.0044
353648 353647 353646 353645 353644 353643 353642 353641 346698 346699 346700-0.0043-0.0009
780094 780093 780092 780091 780090 780296 780297-0.0035-0.0008
347853 347852 347851 347850-0.0002-0.0002
471507 471508 471509 471510 471511 471512 471513 471514 471515 471516 471517 471518 471519 471520 471521 471522 471523 471524-0.0472-0.0124
615649 615650 615651 615699 615669 615670 615671 615672 615574 615673 615674 615675 615660 615423 615422 615487 615486 615485 615484 615483 615482 66058 66057 66056 66055 66054 66053 66052 66051 66050 66049 66048 66047 66046 38392 38393 38394 38395 38396 38397 38398 563582 563578 563577 563576 563575 615924-0.0238-0.0074
806087 806088 806089 806090 806091 806092 806093 806094 806095 806096 806097-0.0049-0.0033
251494 251495 251496 251497 251498 251499 251500 251501 251502 251503-0.005-0.0014
472039 472040 472041 472074 472073 472072 472058 472059 472060 471876 472061 472062 472063-0.0332-0.0066
122393 122394 122395 122396 122397 122398 122399 122400 122401 122402 122403 122404 122405 122406 122407 122408 122409 122410 122411 122412 122413-0.003-0.0026
99759 99760 99761 99762 99763 99764 99765 516150 516151 521541 521542 521543-0.01-0.0053
173451 173452 173453 173454 173455 173456 173457 173458 173459 173460 173461 173462 173463 173464 173465 173466-0.0041-0.0011
32533 32534 32535 32536 32537 32538 32539 32540 32541 32542 32543 32544 32545 32546 32547 32548 32549 32550 32551 32552 32553 32554 32555 32556 32388 32389 32390 32391 32392 32393 32394 32395 32396 32397 32398 32399 32400 32401 32402 32403 32404 32405 32406 32407 32408 32409 32410-0.0274-0.0165
381190 381189-0.0004-0.0001
929812 929813 929814 39696 743869 743870 743871 743872 743873 743874 743875 743876 743877 743878 743879 743880 743881 743882 743883 743884 743885 71899 743886 743887 743888 743889 743890 743891 743892 743893 743894 743895 743896 743897 743898 743899 743900-0.0374-0.0302
798503 798502 798501 798500 897189 798383 798614 798613 798612 798525 798611 798610 798609 798327-0.0166-0.0046
851298 851299 851288 851300 851301 851302 73575 73576 73577 73578 73579 73580 866703 741972 741971 741970 736601 741969 741968 741967 741966 741965 741964 736592 74361 741963 741962 741961 741960 741959 863891 863892 863908 863907 863906 863905 863904 863903 863895 863896 866527 43221 871219 871215 871220 871235 871234-0.0311-0.0065
116678 116677 116676 116675 116674 116673 116672 116671 116670 116669 121497 121496 121495 121494 121493 121492 121491 121490 121489 121488 121487 121486 121485 121484 121483 121482 121481 121480 121479 121478 121477 121476 121475 121474 121473 121472 121471 121470 121469 121468 121467 121466 121465 121464 121463 121462 121461 116131 121460 121459 121458 121457 121456 121455 121454 121453 121452 121451 121450-0.0087-0.0021
635619 635628 635629 635632 63513 63512 63511 63510 63509 63508 635571 635572 635573 635574 635575 635576 635577-0.0148-0.0052
125912 125911 125910 125909 125908 125907 125906 125905 125904 125903 125902 125901 125900 125899 125898 125897 125896 125895 125894 125893 125892 125891 125890 125889 125888 125887 125886 125885 127847 127846 127845 127844 127843 127842-0.0053-0.0045
725946 725945 725944 725899 725943 725942 725941-0.0003-0.0002
620624 620623 620622 620750 620751 620692 620691 620690 620689 620688 620687 620686-0.0058-0.0007
822692 822693 822694 822695 822696 822697 822698 822699 822700 822701 822702 822703 822704 822687 704367 822688 822689 822690 822691 822725-0.0034-0.0003
731078 731079 731080 731081 731082 731083 731084 731085 731086 731087 731088 731089 731090 731091 731092 731093 731094 731095 731096 731097 731098 731099-0.0082-0.0017
176165 176166-0.0004-0.0001
873476 873477 873478 873479 873480 871942 623973 326 871941 873432 873433 873434 873435 873436 873437 873438 783085 873439 873440 683 873452 541858 873453 694 502 49416 873441 873442 873443 873444 49401 49400 49399 49415 49414 49413 49412 49411 499 500 501 682 508 873482 880679 880680 880681 880682 880683 880684 880685 537 538 539 540 541 542 543 544 545 546 547-0.0155-0.0068
24325 24326 24327 24328 24329 24330 93717 70741 93718 93719 93720 93721 93722 93723 93724 93725 93726 93727 93728 93729 93730 93731 93732 93733 70664 93734 93735 93736 93737 93738 93739 933683 819467 933684 933669 933670 933671 933672 898474 933673 933674 933675 933676 898469-0.0274-0.0115
729284 729285 729286 729287 729288 729289 729290 729291 729292 729293 729294 729295 729296 729297 729298-0.0091-0.0024
369012 369013 369014 369015 369016 369017 369018-0.0129-0.0028
706526 706525 706524 706318 706319 706320 69468 69469 706608 706609 706610 706611 706365 706487 706612 706613 706614 706615 706616 605916 605917 605918 605919 605920 605921 69675 706944 706945 706946 706947 706948 706949 69661 892826 892827 892828 623809 623810 623811 623812 623813 93854 93855 93856 93857 93886-0.0213-0.0104
699667 699604 699668 699669 699654 699655 699687 699723 699724 699710 699711 699712 550529 550530 550531 699638-0.014-0.0058
129120 129119 129118 129117 129116 132768 132767 132766 132765 132764 132763 116727 116726 116725 116724 128375 162562 128392-0.0359-0.0125
669577 558869 669576 669575 669574 669573 669572 669571 669570-0.0003-0.0002
285993 285994 285995 285996 285997 285998 285999 286000 286001 286002 286003 286004 286005 286006 286007-0.0153-0.0039
813452 813451 813450 813449 813448 813447 813446 813445 813444 813443 813442 813441 813440 813439 813438-0.0077-0.0055
377805 370092 370091 370090 370089 382219-0.0026-0.0012
793417 793416 793415-0.0024-0.0007
564506 564505 564504 564503 564502 564501 564500 562998 562997 80784 80783 80782 80781 569412 569411 569410 569409-0.0262-0.0046
127229 127228 127227 127226 127225 127224 127223 127222 127221 127220 127219 127218 118060 118059 118058 118057 118056 118055 129023 129022 139174 139175 139176-0.0088-0.002
59457 59456 59455 59454 59453 59452 59451-0.0038-0.003
536220 536221 536222 536223 536224 536198 536199-0.0004-0.0002
55732 55733 55734-0.0013-0.0014
246998 246999 247000 246226-0.0022-0.0006
291494 291495 291496 291497 291498-0.0061-0.0017
462785 462784 462783 462871 462870 462869 462868 462867 462866 28326 462865 462864 462852 462853 462854 462855 462856 462857 462858 28332 28333 28334 28335 535577 535586 535665 535664 535663 535662 535666 535656-0.0244-0.0081
25726 25687 25686 25685 25706 25707 47118 47119 47120 47121 47122 47123 44161 44162 44163 44059 44157 44158 44159-0.0196-0.0036
215983 215984 215985-0.0014-0.0004
797738 797739 797999 840149 840150 840151 85263 840152 645386 644510 644511 644512 644513 644514-0.048-0.0322
571501 571500 571499 571498 571497 571496 571495 571494 571493 571492 571491 571490 571489 571488 571487 571486 571485 571484 571483 571482 571481 571480 571479 571478 571477 571476 571475 571474-0.0291-0.02
903197 903196 903195-0.0006-0.0005
312957 312956 312955 312954 210826 210825 210824 210823-0.0023-0.0004
292890 292891 292892 292893 292894 292895-0.0019-0.0004
628198 626927 626960 626961 917111 917112 917113 917114 917115 917116 917117 917118 917119 917120 917121 626946 626947 626948 626949 626931 626932 626933 626934 917099 917100 917101 917102 917103 917110 897139 897140 897141 897142 897143 897144 29290 29291 29292 29275 29276 29277 29278 29448 29449 29450 29451 29452 29441 29440 29439 29438 29455 29454 29471 29470 29469 29468 626680 626671 626673 626689 626688 604728 604727 604726 943150 944620 944619 944618-0.036-0.0158
901344 901323 901324 527238 527239 470835 470834 470842 470843 470844 470845 470846 470824 470825 470826 470827 470828 470829 470830 470813 470831 470832 470833 470798 470799 470800 470801 470802 771817 771816 771815-0.0117-0.0046
64729 64730 64731 64732 64733 64704 64734 64735 64736 586043 56490 617193 743589 743590 743591 743592 743593 743594 743595 743596 743570 743571 743572 743573 534648 534649 534650 534651 534652 534653 534654 534655 534656 534657 534658 534659 534660 534661 534662 534663 89406 89405 89404 89403 89402 602681 602682-0.0258-0.0127
363794 363793 363792 363791 363790 363789 363788 363787 363786 363785 363784-0.0011-0.0007
717353 717352 717351 717350 717349 717348 717347 717346 717345-0.0134-0.0133
578662 578661 578660 578659 578658-0.0011-0.0008
196022 196021 196020 196019 196018 196017 196016 196015 196014 196013 196012 196011 196010 196009 196008 196007 196006 196005 196004 196003 196002 196001 196000 195999 195998 195997 195996 195995 195994 195993 195992 195991-0.0067-0.0019
648053 648054 648055 648056 648057 648058 648059 648060 648061 607941-0.0155-0.0149
760845 760846 760847 760848 870663 870664 870665 870666 870667 870668 870669 870670 870671 870672 870673 870674 870675 870676-0.0297-0.0161
805309 805231 805310 805311 805312 805313 805314-0.0121-0.0033
619931 619932 619933-0.0017-0.0005
723197 723198 723199 723200 723201 723202 723203 723204 723205 87561 87560 87559 87350 87351 87352 87335 87336 87337 87338 87339 87340 87341 87342 87039 87038 87037-0.0286-0.0105
260744 260745 260746 260747 260748 260749 260750 260751 260752 260753 260754 260755 260756 260757 260758 260759 260760 260761 260762 260763 260764 260765 260766 260767 260768 260769 260770 260771 260772-0.0014-0.0013
757669 757670 757671 757672 757673 757674 757675-0.0057-0.0046
689391 36592 36593 36823 689364 689365 689366 680949 36617 36618 36600 36601 36543 36544 36545 36546 36547 36548 36549 680935 680906 680907-0.0248-0.0043
604577 604576 604575 604574 604558 604559 604560 604561 548516 548515 856833 856832-0.0166-0.0067
137049 137050 137051 137052 137053 137054 137055-0.0006-0.0005
870112 870111 870110 870109 870117 870094 870116 870115 870114 870095 870113 870060 870059 867060 867061 867062 509497 509496 783069 866756 869882 869886 869887 784182 869888-0.0266-0.0042
272308 217593 217594 217595 217596-0.0077-0.0035
612282 612281 612259 612280 612279 612197 612196 612195 612183 612184 612185 612186 612163 612164 612165 611996 612166 612167 612168 612000 612169 612170 612007 612171 612172 612173 612174 612175 612176 612177 612178 612120 612121 612122 612123 612124 612125 612223 612022 612224 611980 612050 612049 612048 611987 612047 611988-0.0136-0.0049
202386 202385 202384 202383 202382 202381 202380 202379 202378 202377 202376 202375 202374 202373 202372 202371-0.0022-0.0007
915137 856647 66213 16495 66214 66215 66216 66217 66211 862491 862486 66204 66205 714741 714742 714743 16480 16479 16478 16477 863939 863940 46023 525398 6647 57552 57553 57554 57555 2800 41064 57191 41073 57192 944596 16595 676119-0.0296-0.0126
459731 459732 459733 459734 459735 459736 459737 459738 459739-0.0025-0.0007
872135 872136 872137 872138 872139 872140 551748 872141 872142 872143 872144 872145 872146 555033 872147 872148 872149 872150 872151 554966 872152 872124 872125 872126 872127 872128 872129 872130 872131 557378 557159 872132 551854 551740 551741 551742 551743 551744-0.0093-0.0004
345139 345138 345137-0.0006-0.0002
836712 836711 836710 836709 836708 836707 836706 836752 836751 836750 836749 836748 836747 836746 836745 836744 836743 836742 836741-0.016-0.0089
267128 267127 267126 267125 267124 267123 267122 267121 267120 267119-0.0013-0.0004
746138 746137 746136 746135 746134 801113 801114 801115-0.0063-0.001
932349 932350 607148 932351 932352 932353 932354 478893 932355 932356 932357 932358 932359 932360 932361 932362 607069 932363 621274 932364 932365 932366 932367 932368 932369 932370 932371 932372 932373 932374 932375 932376 932377 932378 932379 932380 932381 932382 932383 932384 932385 932386 932387 932388 932389 932390 932391 932392 932393 932394 932395 48991 48996 932396 932397 932398 932399 932400 932401 932402 932403 574603 932404 932405 932406 932407 932408 932409 932410 932411 932412 932413 932695 932696 932697 932698 63833 63832 63831 63830 63829 63828 63845 63844-0.1234-0.1083
546072 546073 546074 546075 546076 546077 546078-0.0014-0.001
896256 466767 466768 466769 466770 466771 466772 466773 466774 466775 466776 466777 466778 466779 466780 466781-0.0096-0.0016
876346 876347 876348-0.0004-0.0004
448253 448252 448251 451980 451979 451978 437079 451977 421112 421111 421110 421109 421108 421107 421106 421105 421104 421103 421102 421101 421100 421099 458093 458092-0.0236-0.0039
440482 440481 440480 440479 440478 440477 440476 440475 440474 440473 440472 440471 440470 440469 440468 440467 440466-0.003-0.0022
582390 582391 589763 589435 43290 43291 43292 43293 43294 43295 43296 43297 879899 879900 879901 879902 879903 879904 879905 879906 879907 879908 879909 879910 468492 468493 468494 468495 468496 468497 468498 468499 468500 468501 468502 468503 468504 468505 468506 468507 468508 468509 468510 468511 585574 585575 583570 585576 585577 585578 585579 585580 585581 585582 585583 585584 585585 585586 585587 585588 585589 585590 585591 585592 585593 585594 585595 585596 585597 585598 585599 585600 585601 585602 585603 585604 585605 585606 732124 732125 732126 732127 732128 732129 732130 732131 732132 732133 732134 732135 732136 732137 732138 732139 732140 732141 547086 585979 585973 585974 585975 585976 585977 585978 743513 743510 743511 547832 547833 547834 547835 547836 547837 547838 547839 547840 547841 547842 547843 547844 547845 547846 547847 547848 547849 547850 547851 547852 547853 547854 547855 576705 576706 576707 576708 576709 576710 576711 576712 576713 576714 576715 576716 576717 576718 576719 576720 576721 576722 576723 576724 576725 23543 23544 23545 23546 5553 5554 5555 5556 5557 5558 5559 5560 5561 5562 5563 5564 5565 33987 33988 33989 34115 34116 34117 34118 34120 646009 646010 646011 646012 646013 646014 646015 646016 646017 646018 646019 646020 646021 646022 646023 646024 646025 646026 646027 646028 646029 646030 646031 646032 646033 646034 646035 646036 646037 646038 646039 646040 646041 646042 646043 646044-0.2584-0.1574
772274 772215 7802 7803-0.0079-0.0021
634313 634312 634311 634310 634309 634308 634335 634336 634337 634307 634306 634305-0.0043-0.0019
697778 697779 697780-0.0023-0.0019
490828 490827 490826 490825 490824 490823 490822 490821 490820 490819 490818 490817 490816 490815 490814 490813 490812 490811 490810 490809 490808 490807 490806 490805 490804 490803 490802 490801-0.0013-0.0011
416192 416191 416190 412186 415506 415505 415504 419461 419462 419463 419464 419465-0.0083-0.0013